# N     Q     A     B       S

# Subtask 1: Examples
#ST: 0
#STNAME: examples
#COPY: statement/input0.txt

# Subtask 2: 1 <= N <= 20, 1 <= Q <= 20
#ST: 50
#STNAME: small
1      1      1     9         1
2      6      1     9         22
5      10     1     20        3
9      10     1     20        4
16     20     1     20        5
19     19     1     19        6
20     20     1     20        7
20     20     13    15        8
11     20     2     9         9
8      20     2     9         10

# Subtask 3: 1 <= N <= 100\,000, 1 <= Q <= 300\,000
#ST: 50
#STNAME: big
100    100    1     1000000000 11
10000  10000  1     10000      12
100    300000 1     100        13
100000 100000 1     1000000000 14
99999  299999 1     1000000000 15
100000 300000 1     100        16
100000 300000 1     1000000000 17
