# A     B     C     S

# Subtask 1: Examples
#ST: 0
#STNAME: examples
#COPY: statement/input0.txt

# Subtask 2: 1 <= N <= 1000
#ST: 100
#STNAME: all
1       10      0      0
1       10      0      1
1       10      1      2
1       10      1      3
50      100     0      4
50      100     0      5
50      100     1      6
50      100     1      7
800     1000    3      16
800     1000    3      17
800     1000    0      8
800     1000    0      9
800     1000    1      10
800     1000    1      11
800     1000    2      12
800     1000    2      13
800     1000    2      14
800     1000    2      15
1000    1000    0      18
1000    1000    0      19
