# N     K	A	B       S

# Subtask 1: Examples
#ST: 0
#STNAME: examples
#COPY: statement/input0.txt
#COPY: statement/input1.txt

# Subtask 2: 1 <= N <= 1000
#ST: 100
#STNAME: all
1	 10	20	20	2
5	 10    	20	20	3
10	 10     20	20     	4
20       100	200	200	5
50       100	200	200     6
100      100    200	200	7
1000	 1000	1000	1000    8
1000	 1000	1000	1000    9
1000	 1000   1000	1000    10
1000	 1000	1000	1000    11
1000	 1000	1000	1000    12
1000	 1000	1000	1000    13
1000	 1000	1000	1000    14
1000	 1000	1000	1000    15
1000	 1000	1000	1000    16
100	 1000	600	1000	17
100	 1000	500	1000   	18
100	 1000	400	1000	19
100	 1000	300	1000   	20