# Case    N     Q    A    B    C    D       S

# Subtask 1: Examples
#ST: 0
#STNAME: examples
#COPY: statement/input0.txt

# Subtask 2: 1 <= N <= 100
#ST: 100
#STNAME: all
normal  1   1   0   0   1   0   13
normal  5   5   3   1   1   0   12
normal  10   10   7   1   2     0   27
normal  100   100   70   10   21    0   9
normal  1000   1000   700   100   200    0.1    13
long    1000   1000   800   50   150    0.1      84
normal  2000   2000   1400   200   400      0.1      57
normal  5000   5000   3500   500   1000      0.1     13
normal  10000   10000   6000   2000   2000      0.1     61
normal  50000   50000   30000   10000   10000   0.1      33
normal  100000   100000   60000   20000   20000     0.1    2
long    50000   50000   35000   5000   10000    0.1       17
long    100000   100000   70000   10000   20000     0.1    21
normal    150000   150000   90000   30000   30000      0.1      65
long    200000   200000   140000   20000   40000    0.1        24
normal    200000   200000   120000   40000   40000      0.1     7