# A     B       S

# Subtask 1: Examples
#ST: 0
#STNAME: examples
#COPY: statement/input0.txt
#COPY: statement/input1.txt

# Subtask 2: 1 <= N <= 1000 000 000
#ST: 100
#STNAME: all
1      10     1
1      100    2
1      1000   3
1      10000  44
1      100000 5
1      1000000 66
1      10000000 7
1      100000000 8
100000000 1000000000 9
100000000 1000000000 10
81     81     11
80     80     12
64     64     13
63     63     14
10000  10000  15
9999   9999   16
100000000     100000000 17
99999999      99999999	18
