# A     B	C	D       S

# Subtask 1: Examples
#ST: 0
#STNAME: examples
#COPY: statement/input0.txt

# Subtask 2: 1 <= N <= 1000
#ST: 50
#STNAME: small
10	 100	10	rand	1
10	 100	100	rand	2
100	 1000	100	rand	3
100	 1000	1000	rand	4
1000	 1000	1000	rand	5
10	 100	10	5	6
10	 100	100	3	7
100	 1000	100	20	8
100	 1000	900	90	9
1000	 1000	1000	50	10
1000	 1000	1000	100	11
1000	 1000	1000	200	12
500	     1000	1	disjoint	13

# Subtask 3: 1 <= N <= 100000
#ST: 50
#STNAME: all
10000	 1000000	10000		rand	14
10000	 1000000	100000		rand	15
100000	 1000000000	1000000000	rand	16
100000	 1000000000	1000000000	rand	17
100000	 1000000000	1000000000	1000	18
100000	 1000000000	1000000000	100	19
100000	 1000000000	100000000	10	20
100000	 1000000000	100000000	100	21
100000	 1000000000	100000000	1000	22
100000	 1000000000	100000000	10000	23
100000	 1000000000	10000000	rand	24
50000    10000000	5   disjoint  25
100000   1000000000	10 disjoint  26
100000   1000000000	100 disjoint  27
