# A     B       S

# Subtask 1: Examples
#ST: 0
#STNAME: examples
#COPY: statement/input0.txt
#COPY: statement/input1.txt
#COPY: statement/input2.txt
#COPY: statement/input3.txt

# Subtask 2: 1 <= N <= 10000
#ST: 100
#STNAME: all
400    400	1
800    800    	2
2000   2000     3
2100   2100     4
2200   2200     5
2300   2300     6
9900   9900     7
10000  10000    8
2025   2025     9
2024   2024   	10
1      100      11
1      100    	12
1      1000    	13
1      1000    	14
1      2000    	15
1      2000    	16
1      10000 	17
1      10000 	18
1      10000 	19
1000   10000 	20
1000   10000 	21
1000   10000 	22
1000   10000 	23
1000   10000 	24
1000   10000 	25
1000   10000 	26
1000   10000 	27
1000   10000 	28
1000   10000 	29
1000   10000 	30
1000   10000 	31
1000   10000 	32
