# A     B    C    D   S

# Subtask 1: Examples
#ST: 0
#STNAME: examples
#COPY: statement/input0.txt

# Subtask 2: 1 <= N <= 100
#ST: 100
#STNAME: all
1        1       1      1     1
5        5      1       1      132
5        10      2        1       2
10       100         0     1      3
100      10000       0     1      44
1000      2000       0     1      5
10000      1000      0     1      66
10000      200000     0     1     7
100000      99999       1    1     8
100000      1000         0   1    9
100000      200000      2    1     10
100000      110000      1    1     134
100000      99999       99999    1     812