# N     M	L	X       S

# Subtask 1: Examples
#ST: 0
#STNAME: examples
#COPY: statement/input0.txt
#COPY: statement/input1.txt

# Subtask 2: 1<=N,M<=1000
#ST: 100
#STNAME: all
10	 10	2	0	2
10	 10	2	1	3
10	 10	2	1	4
100	 100	2	0	5
100	 100	3	1	6
100	 100	4	10	7
100	 100	5	10	8
100	 100	6	10	9
1000	 1000	2	0	10
1000	 1000	2	1	11
1000	 1000	3	10	12
1000	 1000	2	10	13
1000	 1000	2	10	14
1000	 1000	2	10	15
1000	 1000	5	10	16
1000	 1000	2	10	17
1000	 1000	2	10	18
1000	 1000	2	10	19
1000	 1000	2	10	20
10	 10	5	0	21
10	 10	4	0	22
60	 100	45	0	23
50	 100	40	0	24
400	 1000	350	0	25
1000	 1000	700	0	26
