# N     V       S

# Subtask 1: Examples
#ST: 0
#STNAME: examples
#COPY: statement/input0.txt
#COPY: statement/input1.txt

# Subtask 2: N <= 500, Q<=500
#ST: 7
#STNAME: NQsmall
500 500 20 0 101
500 500 20 0 102
500 500 20 0 103
500 500 20 3 110
500 500 20 3 111
500 500 20 3 112
500 500 20 1 105
500 500 20 1 106
500 500 20 1 107
500 500 20 2 108
500 500 20 2 109

# Subtask 3: Q = 1
#ST: 23
#STNAME: Qsmall
200000 1 20 0 501
200000 1 20 0 502
200000 1 20 0 503
200000 1 20 3 511
200000 1 20 3 512
200000 1 20 3 513
200000 1 20 1 505
200000 1 20 1 506
200000 1 20 1 507
200000 1 20 1 508
200000 1 20 2 509
200000 1 20 2 510

# Subtask 4: B <= 5
#ST: 21
#STNAME: Bsmall
200000 200000 5 0 401
200000 200000 5 0 402
200000 200000 5 0 403
200000 200000 5 3 410
200000 200000 5 3 411
200000 200000 5 3 413
200000 200000 5 1 405
200000 200000 5 1 406
200000 200000 5 2 407
200000 200000 5 2 408

# Subtask 5: full
#ST: 49
#STNAME: full
#STDEP: *
200000 200000 20 0 601
200000 200000 20 0 602
200000 200000 20 0 603
200000 200000 20 3 619
200000 200000 20 3 620
200000 200000 20 3 621
200000 200000 20 3 622
200000 200000 20 1 605
200000 200000 20 1 606
200000 200000 20 1 607
200000 200000 20 1 608
200000 200000 20 2 609
200000 200000 20 2 613
200000 200000 20 2 611