# A     B       S

# Subtask 1: Examples
#ST: 0
#STNAME: examples
#COPY: statement/input0.txt

# Subtask 2: 1 <= N <= 100
#ST: 100
#STNAME: all
10        5        1
10        2        2
100       50       3
100       10       4
1000      500      5
1000      100      6
100000    50000    7
100000    40000    8
100000    30000    9
100000    20000    10
100000    10000    11
100000    5000     12
100000    1000     13
100000    10       14
100000    1        15
100000    50000    16
100000    50000    17
100000    50000    18
100000    50000    19